MeV
29
0.1000000000 1.0000000000
0.1500000000 0.5841659185
0.2000000000 0.2196572183
0.3000000000 0.0997060984
0.4000000000 0.0553462724
0.5000000000 0.0338517536
0.6000000000 0.0250692050
0.7000000000 0.0190765039
1.0000000000 0.0152076734
1.5000000000 0.0104184619
2.0000000000 0.0071336508
3.0000000000 0.0049004934
4.0000000000 0.0033007412
5.0000000000 0.0022272600
6.0000000000 0.0015237407
7.0000000000 0.0010441788
10.0000000000 0.0006641264
15.0000000000 0.0004259241
20.0000000000 0.0002696934
30.0000000000 0.0001716397
40.0000000000 0.0001027551
50.0000000000 0.0000618421
60.0000000000 0.0000347971
70.0000000000 0.0000196226
100.0000000000 0.0000109224
150.0000000000 0.0000060798
200.0000000000 0.0000013893
300.0000000000 0.0000002107
400.0000000000 0.0000000000
