MeV
30
0.0400000000 1.0000000000
0.1000000000 0.5841659185
0.2000000000 0.2196572183
0.3000000000 0.0997060984
0.4000000000 0.0553462724
0.5000000000 0.0338517536
0.6000000000 0.0250692050
0.7000000000 0.0190765039
0.8000000000 0.0152076734
1.0000000000 0.0104184619
1.2500000000 0.0071336508
1.5000000000 0.0049004934
1.7500000000 0.0033007412
2.0000000000 0.0022272600
2.2500000000 0.0015237407
2.5000000000 0.0010441788
2.7500000000 0.0006641264
3.0000000000 0.0004259241
3.2500000000 0.0002696934
3.5000000000 0.0001716397
3.7500000000 0.0001027551
4.0000000000 0.0000618421
4.2500000000 0.0000347971
4.5000000000 0.0000196226
4.7500000000 0.0000109224
5.0000000000 0.0000060798
5.5000000000 0.0000013893
6.0000000000 0.0000002107
6.5000000000 0.0000000000
7.0000000000 0.0000000000
